banana:
	14 79 22 = 7 202 56
	15 81 32 = 8 207 82
	14 72 43 = 7 184 110

chili:
	19 86 53 = 10 220 136
	14 63 80 = 7 161 205
	13 64 70 = 7 164 179

tomato:
	16 77 33 = 8 197 84
	14 73 55 = 7 187 141 
	13 65 58 = 7 166 148

rapple:
	16 80 34 = 8 205 87
	18 82 54 = 9 209 138
	14 74 49 = 7 189 125

pear:
	16 74 43
	14 69 66
	15 74 46

orange:
	12 84 20 = 6 215 51
	14 77 31
	16 86 43

gfruit:
	13 88 21 = 7 225 54
	14 83 35
	15 81 27

gapple:
	17 76 49
	14 73 61
	16 68 65

max = 10 225 205
min = 6 161 51
